500 500 500 500 500 500 500 500 500 500 500 500 500 500 500 500 500 500 500 500 500
900 900 900 900 900 900 900 900 900 900 900 900 900 900 900 900 900 900 900 900 900
900 0 200 0 0 100 200 200 0 0 0 0 0 200 200 100 0 0 200 0 900
900 0 0 0 200 0 0 100 0 100 200 100 0 100 0 0 200 0 0 0 900
900 200 100 200 200 200 0 200 0 0 0 0 0 200 0 200 200 200 100 200 900
900 0 0 0 0 200 100 0 0 200 100 200 0 0 100 0 0 200 0 400 900
900 0 200 200 100 200 200 0 100 200 0 200 100 0 200 200 100 200 200 0 900
900 300 0 200 0 0 100 0 0 200 100 200 0 0 100 200 0 0 0 0 900
900 200 100 200 200 200 0 200 0 0 0 0 0 200 0 200 200 200 100 200 900
900 0 0 0 200 0 0 100 0 100 200 100 0 100 0 0 200 0 0 0 900
900 0 200 0 0 100 200 200 0 0 0 0 0 200 200 100 0 0 200 0 900
900 900 900 900 900 900 900 900 900 900 900 900 900 900 900 900 900 900 900 900 900