500 500 500 500 500 500 500 500 500 500 500 500 500 500 500 500 500 500 500 500 500
900 900 900 900 900 900 900 900 900 900 900 900 900 900 900 900 900 900 900 900 900
900 0 0 0 0 0 0 0 0 0 0 0 0 0 0 0 0 0 0 0 900
900 200 0 0 0 200 200 200 0 0 0 0 0 200 200 200 0 0 0 200 900
900 0 0 200 0 0 0 0 0 0 0 0 0 0 0 0 0 200 0 0 900
900 0 200 0 0 200 0 0 0 0 200 200 0 0 0 200 0 0 200 0 900
900 0 0 0 200 0 0 200 0 0 0 0 0 200 0 0 200 0 0 0 900
900 0 200 0 0 200 0 0 0 200 200 0 0 0 0 200 0 0 200 0 900
900 0 0 200 0 0 0 0 0 0 0 200 0 0 0 0 0 200 0 0 900
900 200 0 0 0 200 200 200 0 0 0 200 0 200 200 200 0 0 0 200 900
900 0 0 0 0 0 0 0 0 200 0 0 0 0 0 0 0 0 0 0 900
900 900 900 900 900 900 900 900 900 900 900 900 900 900 900 900 900 900 900 900 900